,Name,x,y,z
0,Fp1,80.78399999999999,26.133000000000003,-4.00108
1,Fp2,80.78399999999999,-26.133000000000003,-4.00108
2,F3,57.5511,48.2004,39.8697
3,F4,57.583999999999996,-48.1426,39.891999999999996
4,C3,3.86813e-15,63.1713,56.8717
5,C4,3.86788e-15,-63.1673,56.8761
6,P3,-57.5511,48.2004,39.8697
7,P4,-57.583999999999996,-48.1426,39.891999999999996
8,O1,-80.78399999999999,26.133000000000003,-4.00108
9,O2,-80.78399999999999,-26.133000000000003,-4.00108
10,F7,49.8714,68.4233,-7.48952
11,F8,49.9265,-68.3836,-7.48509
12,T7,5.17649e-15,84.5385,-8.845080000000001
13,T8,5.17649e-15,-84.5385,-8.845080000000001
14,P7,-49.8714,68.4233,-7.48952
15,P8,-49.9265,-68.3836,-7.48509
16,Fz,60.7385,0.0,59.4629
17,Cz,5.20475e-15,0.0,85.0
18,Pz,-60.7385,-7.43832e-15,59.4629
19,Oz,-84.9812,-1.04072e-14,-1.78604
20,FC1,32.4362,32.3514,71.5981
21,FC2,32.4362,-32.3514,71.5981
22,CP1,-32.4362,32.3514,71.5981
23,CP2,-32.4362,-32.3514,71.5981
24,FC5,28.7628,76.2474,24.1669
25,FC6,28.7628,-76.2474,24.1669
26,CP5,-28.7628,76.2474,24.1669
27,CP6,-28.7628,-76.2474,24.1669
28,FT9,23.3016,70.0758,-42.0882
29,FT10,23.3016,-70.0758,-42.0882
30,FCz,32.9279,0.0,78.363
31,AFz,79.0255,0.0,31.3044
32,F1,59.9127,26.0421,54.3808
33,F2,59.8744,-26.0254,54.431000000000004
34,C1,2.1148000000000004e-15,34.5374,77.667
35,C2,2.1192e-15,-34.6092,77.6351
36,P1,-59.9127,26.0421,54.3808
37,P2,-59.8744,-26.0254,54.431000000000004
38,AF3,76.1528,31.4828,20.8468
39,AF4,76.1528,-31.4828,20.8468
40,FC3,30.9553,59.275,52.4714
41,FC4,30.9553,-59.275,52.4714
42,CP3,-30.9553,59.275,52.4714
43,CP4,-30.9553,-59.275,52.4714
44,PO3,-76.1528,31.4828,20.8468
45,PO4,-76.1528,-31.4828,20.8468
46,F5,54.0379,63.0582,18.1264
47,F6,54.0263,-63.0447,18.2076
48,C5,4.9495e-15,80.8315,26.2918
49,C6,4.9495e-15,-80.8315,26.2918
50,P5,-54.0379,63.0582,18.1264
51,P6,-54.0263,-63.0447,18.2076
52,AF7,68.6911,49.7094,-5.9589
53,AF8,68.7209,-49.6689,-5.95298
54,FT7,26.2075,80.41,-8.5086
55,FT8,26.2075,-80.41,-8.5086
56,TP7,-26.2075,80.41,-8.5086
57,TP8,-26.2848,-80.3851,-8.50565
58,PO7,-68.6911,49.7094,-5.9589
59,PO8,-68.7209,-49.6689,-5.95298
60,Fpz,84.9812,0.0,-1.78604
61,CPz,-32.9279,-4.0325e-15,78.363
62,POz,-79.0255,-9.67784e-15,31.3044
63,TP10,-23.3016,-70.0758,-42.0882
